v  0.6678 -2.6538 -0.2431
v  0.6678 -2.5626 -0.2431
v  0.7106 -2.5626 -0
v  0.7106 -2.5626 -0
v  0.7106 -2.6538 -0
v  0.6678 -2.6538 -0.2431
v  0.5444 -2.6538 -0.4568
v  0.5444 -2.5626 -0.4568
v  0.6678 -2.5626 -0.2431
v  0.6678 -2.5626 -0.2431
v  0.6678 -2.6538 -0.2431
v  0.5444 -2.6538 -0.4568
v  0.3553 -2.6538 -0.6154
v  0.3553 -2.5626 -0.6154
v  0.5444 -2.5626 -0.4568
v  0.5444 -2.5626 -0.4568
v  0.5444 -2.6538 -0.4568
v  0.3553 -2.6538 -0.6154
v  0.1234 -2.6538 -0.6998
v  0.1234 -2.5626 -0.6998
v  0.3553 -2.5626 -0.6154
v  0.3553 -2.5626 -0.6154
v  0.3553 -2.6538 -0.6154
v  0.1234 -2.6538 -0.6998
v  -0.1234 -2.6538 -0.6998
v  -0.1234 -2.5626 -0.6998
v  0.1234 -2.5626 -0.6998
v  0.1234 -2.5626 -0.6998
v  0.1234 -2.6538 -0.6998
v  -0.1234 -2.6538 -0.6998
v  -0.3553 -2.6538 -0.6154
v  -0.3553 -2.5626 -0.6154
v  -0.1234 -2.5626 -0.6998
v  -0.1234 -2.5626 -0.6998
v  -0.1234 -2.6538 -0.6998
v  -0.3553 -2.6538 -0.6154
v  -0.5444 -2.6538 -0.4568
v  -0.5444 -2.5626 -0.4568
v  -0.3553 -2.5626 -0.6154
v  -0.3553 -2.5626 -0.6154
v  -0.3553 -2.6538 -0.6154
v  -0.5444 -2.6538 -0.4568
v  -0.6678 -2.6538 -0.2431
v  -0.6678 -2.5626 -0.2431
v  -0.5444 -2.5626 -0.4568
v  -0.5444 -2.5626 -0.4568
v  -0.5444 -2.6538 -0.4568
v  -0.6678 -2.6538 -0.2431
v  -0.7106 -2.6538 -0
v  -0.7106 -2.5626 -0
v  -0.6678 -2.5626 -0.2431
v  -0.6678 -2.5626 -0.2431
v  -0.6678 -2.6538 -0.2431
v  -0.7106 -2.6538 -0
v  -0.6678 -2.6538 0.2431
v  -0.6678 -2.5626 0.2431
v  -0.7106 -2.5626 -0
v  -0.7106 -2.5626 -0
v  -0.7106 -2.6538 -0
v  -0.6678 -2.6538 0.2431
v  -0.5444 -2.6538 0.4568
v  -0.5444 -2.5626 0.4568
v  -0.6678 -2.5626 0.2431
v  -0.6678 -2.5626 0.2431
v  -0.6678 -2.6538 0.2431
v  -0.5444 -2.6538 0.4568
v  -0.3553 -2.6538 0.6154
v  -0.3553 -2.5626 0.6154
v  -0.5444 -2.5626 0.4568
v  -0.5444 -2.5626 0.4568
v  -0.5444 -2.6538 0.4568
v  -0.3553 -2.6538 0.6154
v  -0.1234 -2.6538 0.6998
v  -0.1234 -2.5626 0.6998
v  -0.3553 -2.5626 0.6154
v  -0.3553 -2.5626 0.6154
v  -0.3553 -2.6538 0.6154
v  -0.1234 -2.6538 0.6998
v  0.1234 -2.6538 0.6998
v  0.1234 -2.5626 0.6998
v  -0.1234 -2.5626 0.6998
v  -0.1234 -2.5626 0.6998
v  -0.1234 -2.6538 0.6998
v  0.1234 -2.6538 0.6998
v  0.3553 -2.6538 0.6154
v  0.3553 -2.5626 0.6154
v  0.1234 -2.5626 0.6998
v  0.1234 -2.5626 0.6998
v  0.1234 -2.6538 0.6998
v  0.3553 -2.6538 0.6154
v  0.5444 -2.6538 0.4568
v  0.5444 -2.5626 0.4568
v  0.3553 -2.5626 0.6154
v  0.3553 -2.5626 0.6154
v  0.3553 -2.6538 0.6154
v  0.5444 -2.6538 0.4568
v  0.6678 -2.6538 0.2431
v  0.6678 -2.5626 0.2431
v  0.5444 -2.5626 0.4568
v  0.5444 -2.5626 0.4568
v  0.5444 -2.6538 0.4568
v  0.6678 -2.6538 0.2431
v  0.7106 -2.6538 -0
v  0.7106 -2.5626 -0
v  0.6678 -2.5626 0.2431
v  0.6678 -2.5626 0.2431
v  0.6678 -2.6538 0.2431
v  0.7106 -2.6538 -0
v  0.7106 -1.5923 -0
v  0.6678 -1.5923 -0.2431
v  0.6678 -0.5308 -0.2431
v  0.6678 -0.5308 -0.2431
v  0.7106 -0.5308 -0
v  0.7106 -1.5923 -0
v  0.6678 -1.5923 -0.2431
v  0.5444 -1.5923 -0.4568
v  0.5444 -0.5308 -0.4568
v  0.5444 -0.5308 -0.4568
v  0.6678 -0.5308 -0.2431
v  0.6678 -1.5923 -0.2431
v  0.5444 -1.5923 -0.4568
v  0.3553 -1.5923 -0.6154
v  0.3553 -0.5308 -0.6154
v  0.3553 -0.5308 -0.6154
v  0.5444 -0.5308 -0.4568
v  0.5444 -1.5923 -0.4568
v  0.3553 -1.5923 -0.6154
v  0.1234 -1.5923 -0.6998
v  0.1234 -0.5308 -0.6998
v  0.1234 -0.5308 -0.6998
v  0.3553 -0.5308 -0.6154
v  0.3553 -1.5923 -0.6154
v  0.1234 -1.5923 -0.6998
v  -0.1234 -1.5923 -0.6998
v  -0.1234 -0.5308 -0.6998
v  -0.1234 -0.5308 -0.6998
v  0.1234 -0.5308 -0.6998
v  0.1234 -1.5923 -0.6998
v  -0.1234 -1.5923 -0.6998
v  -0.3553 -1.5923 -0.6154
v  -0.3553 -0.5308 -0.6154
v  -0.3553 -0.5308 -0.6154
v  -0.1234 -0.5308 -0.6998
v  -0.1234 -1.5923 -0.6998
v  -0.3553 -1.5923 -0.6154
v  -0.5444 -1.5923 -0.4568
v  -0.5444 -0.5308 -0.4568
v  -0.5444 -0.5308 -0.4568
v  -0.3553 -0.5308 -0.6154
v  -0.3553 -1.5923 -0.6154
v  -0.5444 -1.5923 -0.4568
v  -0.6678 -1.5923 -0.2431
v  -0.6678 -0.5308 -0.2431
v  -0.6678 -0.5308 -0.2431
v  -0.5444 -0.5308 -0.4568
v  -0.5444 -1.5923 -0.4568
v  -0.6678 -1.5923 -0.2431
v  -0.7106 -1.5923 -0
v  -0.7106 -0.5308 -0
v  -0.7106 -0.5308 -0
v  -0.6678 -0.5308 -0.2431
v  -0.6678 -1.5923 -0.2431
v  -0.7106 -1.5923 -0
v  -0.6678 -1.5923 0.2431
v  -0.6678 -0.5308 0.2431
v  -0.6678 -0.5308 0.2431
v  -0.7106 -0.5308 -0
v  -0.7106 -1.5923 -0
v  -0.6678 -1.5923 0.2431
v  -0.5444 -1.5923 0.4568
v  -0.5444 -0.5308 0.4568
v  -0.5444 -0.5308 0.4568
v  -0.6678 -0.5308 0.2431
v  -0.6678 -1.5923 0.2431
v  -0.5444 -1.5923 0.4568
v  -0.3553 -1.5923 0.6154
v  -0.3553 -0.5308 0.6154
v  -0.3553 -0.5308 0.6154
v  -0.5444 -0.5308 0.4568
v  -0.5444 -1.5923 0.4568
v  -0.3553 -1.5923 0.6154
v  -0.1234 -1.5923 0.6998
v  -0.1234 -0.5308 0.6998
v  -0.1234 -0.5308 0.6998
v  -0.3553 -0.5308 0.6154
v  -0.3553 -1.5923 0.6154
v  -0.1234 -1.5923 0.6998
v  0.1234 -1.5923 0.6998
v  0.1234 -0.5308 0.6998
v  0.1234 -0.5308 0.6998
v  -0.1234 -0.5308 0.6998
v  -0.1234 -1.5923 0.6998
v  0.1234 -1.5923 0.6998
v  0.3553 -1.5923 0.6154
v  0.3553 -0.5308 0.6154
v  0.3553 -0.5308 0.6154
v  0.1234 -0.5308 0.6998
v  0.1234 -1.5923 0.6998
v  0.3553 -1.5923 0.6154
v  0.5444 -1.5923 0.4568
v  0.5444 -0.5308 0.4568
v  0.5444 -0.5308 0.4568
v  0.3553 -0.5308 0.6154
v  0.3553 -1.5923 0.6154
v  0.5444 -1.5923 0.4568
v  0.6678 -1.5923 0.2431
v  0.6678 -0.5308 0.2431
v  0.6678 -0.5308 0.2431
v  0.5444 -0.5308 0.4568
v  0.5444 -1.5923 0.4568
v  0.6678 -1.5923 0.2431
v  0.7106 -1.5923 -0
v  0.7106 -0.5308 -0
v  0.7106 -0.5308 -0
v  0.6678 -0.5308 0.2431
v  0.6678 -1.5923 0.2431
v  0.7106 -0.5308 -0
v  0.6678 -0.5308 -0.2431
v  0.6678 0.5308 -0.2431
v  0.6678 0.5308 -0.2431
v  0.7106 0.5308 -0
v  0.7106 -0.5308 -0
v  0.6678 -0.5308 -0.2431
v  0.5444 -0.5308 -0.4568
v  0.5444 0.5308 -0.4568
v  0.5444 0.5308 -0.4568
v  0.6678 0.5308 -0.2431
v  0.6678 -0.5308 -0.2431
v  0.5444 -0.5308 -0.4568
v  0.3553 -0.5308 -0.6154
v  0.3553 0.5308 -0.6154
v  0.3553 0.5308 -0.6154
v  0.5444 0.5308 -0.4568
v  0.5444 -0.5308 -0.4568
v  0.3553 -0.5308 -0.6154
v  0.1234 -0.5308 -0.6998
v  0.1234 0.5308 -0.6998
v  0.1234 0.5308 -0.6998
v  0.3553 0.5308 -0.6154
v  0.3553 -0.5308 -0.6154
v  0.1234 -0.5308 -0.6998
v  -0.1234 -0.5308 -0.6998
v  -0.1234 0.5308 -0.6998
v  -0.1234 0.5308 -0.6998
v  0.1234 0.5308 -0.6998
v  0.1234 -0.5308 -0.6998
v  -0.1234 -0.5308 -0.6998
v  -0.3553 -0.5308 -0.6154
v  -0.3553 0.5308 -0.6154
v  -0.3553 0.5308 -0.6154
v  -0.1234 0.5308 -0.6998
v  -0.1234 -0.5308 -0.6998
v  -0.3553 -0.5308 -0.6154
v  -0.5444 -0.5308 -0.4568
v  -0.5444 0.5308 -0.4568
v  -0.5444 0.5308 -0.4568
v  -0.3553 0.5308 -0.6154
v  -0.3553 -0.5308 -0.6154
v  -0.5444 -0.5308 -0.4568
v  -0.6678 -0.5308 -0.2431
v  -0.6678 0.5308 -0.2431
v  -0.6678 0.5308 -0.2431
v  -0.5444 0.5308 -0.4568
v  -0.5444 -0.5308 -0.4568
v  -0.6678 -0.5308 -0.2431
v  -0.7106 -0.5308 -0
v  -0.7106 0.5308 -0
v  -0.7106 0.5308 -0
v  -0.6678 0.5308 -0.2431
v  -0.6678 -0.5308 -0.2431
v  -0.7106 -0.5308 -0
v  -0.6678 -0.5308 0.2431
v  -0.6678 0.5308 0.2431
v  -0.6678 0.5308 0.2431
v  -0.7106 0.5308 -0
v  -0.7106 -0.5308 -0
v  -0.6678 -0.5308 0.2431
v  -0.5444 -0.5308 0.4568
v  -0.5444 0.5308 0.4568
v  -0.5444 0.5308 0.4568
v  -0.6678 0.5308 0.2431
v  -0.6678 -0.5308 0.2431
v  -0.5444 -0.5308 0.4568
v  -0.3553 -0.5308 0.6154
v  -0.3553 0.5308 0.6154
v  -0.3553 0.5308 0.6154
v  -0.5444 0.5308 0.4568
v  -0.5444 -0.5308 0.4568
v  -0.3553 -0.5308 0.6154
v  -0.1234 -0.5308 0.6998
v  -0.1234 0.5308 0.6998
v  -0.1234 0.5308 0.6998
v  -0.3553 0.5308 0.6154
v  -0.3553 -0.5308 0.6154
v  -0.1234 -0.5308 0.6998
v  0.1234 -0.5308 0.6998
v  0.1234 0.5308 0.6998
v  0.1234 0.5308 0.6998
v  -0.1234 0.5308 0.6998
v  -0.1234 -0.5308 0.6998
v  0.1234 -0.5308 0.6998
v  0.3553 -0.5308 0.6154
v  0.3553 0.5308 0.6154
v  0.3553 0.5308 0.6154
v  0.1234 0.5308 0.6998
v  0.1234 -0.5308 0.6998
v  0.3553 -0.5308 0.6154
v  0.5444 -0.5308 0.4568
v  0.5444 0.5308 0.4568
v  0.5444 0.5308 0.4568
v  0.3553 0.5308 0.6154
v  0.3553 -0.5308 0.6154
v  0.5444 -0.5308 0.4568
v  0.6678 -0.5308 0.2431
v  0.6678 0.5308 0.2431
v  0.6678 0.5308 0.2431
v  0.5444 0.5308 0.4568
v  0.5444 -0.5308 0.4568
v  0.6678 -0.5308 0.2431
v  0.7106 -0.5308 -0
v  0.7106 0.5308 -0
v  0.7106 0.5308 -0
v  0.6678 0.5308 0.2431
v  0.6678 -0.5308 0.2431
v  0.7106 0.5308 -0
v  0.6678 0.5308 -0.2431
v  0.4613 1.5923 -0.1702
v  0.4613 1.5923 -0.1702
v  0.4909 1.5923 -0
v  0.7106 0.5308 -0
v  0.6678 0.5308 -0.2431
v  0.5444 0.5308 -0.4568
v  0.3761 1.5923 -0.3198
v  0.3761 1.5923 -0.3198
v  0.4613 1.5923 -0.1702
v  0.6678 0.5308 -0.2431
v  0.5444 0.5308 -0.4568
v  0.3553 0.5308 -0.6154
v  0.2455 1.5923 -0.4309
v  0.2455 1.5923 -0.4309
v  0.3761 1.5923 -0.3198
v  0.5444 0.5308 -0.4568
v  0.3553 0.5308 -0.6154
v  0.1234 0.5308 -0.6998
v  0.0852 1.5923 -0.49
v  0.0852 1.5923 -0.49
v  0.2455 1.5923 -0.4309
v  0.3553 0.5308 -0.6154
v  0.1234 0.5308 -0.6998
v  -0.1234 0.5308 -0.6998
v  -0.0852 1.5923 -0.49
v  -0.0852 1.5923 -0.49
v  0.0852 1.5923 -0.49
v  0.1234 0.5308 -0.6998
v  -0.1234 0.5308 -0.6998
v  -0.3553 0.5308 -0.6154
v  -0.2455 1.5923 -0.4309
v  -0.2455 1.5923 -0.4309
v  -0.0852 1.5923 -0.49
v  -0.1234 0.5308 -0.6998
v  -0.3553 0.5308 -0.6154
v  -0.5444 0.5308 -0.4568
v  -0.3761 1.5923 -0.3198
v  -0.3761 1.5923 -0.3198
v  -0.2455 1.5923 -0.4309
v  -0.3553 0.5308 -0.6154
v  -0.5444 0.5308 -0.4568
v  -0.6678 0.5308 -0.2431
v  -0.4613 1.5923 -0.1702
v  -0.4613 1.5923 -0.1702
v  -0.3761 1.5923 -0.3198
v  -0.5444 0.5308 -0.4568
v  -0.6678 0.5308 -0.2431
v  -0.7106 0.5308 -0
v  -0.4909 1.5923 -0
v  -0.4909 1.5923 -0
v  -0.4613 1.5923 -0.1702
v  -0.6678 0.5308 -0.2431
v  -0.7106 0.5308 -0
v  -0.6678 0.5308 0.2431
v  -0.4613 1.5923 0.1702
v  -0.4613 1.5923 0.1702
v  -0.4909 1.5923 -0
v  -0.7106 0.5308 -0
v  -0.6678 0.5308 0.2431
v  -0.5444 0.5308 0.4568
v  -0.3761 1.5923 0.3198
v  -0.3761 1.5923 0.3198
v  -0.4613 1.5923 0.1702
v  -0.6678 0.5308 0.2431
v  -0.5444 0.5308 0.4568
v  -0.3553 0.5308 0.6154
v  -0.2455 1.5923 0.4309
v  -0.2455 1.5923 0.4309
v  -0.3761 1.5923 0.3198
v  -0.5444 0.5308 0.4568
v  -0.3553 0.5308 0.6154
v  -0.1234 0.5308 0.6998
v  -0.0852 1.5923 0.49
v  -0.0852 1.5923 0.49
v  -0.2455 1.5923 0.4309
v  -0.3553 0.5308 0.6154
v  -0.1234 0.5308 0.6998
v  0.1234 0.5308 0.6998
v  0.0852 1.5923 0.49
v  0.0852 1.5923 0.49
v  -0.0852 1.5923 0.49
v  -0.1234 0.5308 0.6998
v  0.1234 0.5308 0.6998
v  0.3553 0.5308 0.6154
v  0.2455 1.5923 0.4309
v  0.2455 1.5923 0.4309
v  0.0852 1.5923 0.49
v  0.1234 0.5308 0.6998
v  0.3553 0.5308 0.6154
v  0.5444 0.5308 0.4568
v  0.3761 1.5923 0.3198
v  0.3761 1.5923 0.3198
v  0.2455 1.5923 0.4309
v  0.3553 0.5308 0.6154
v  0.5444 0.5308 0.4568
v  0.6678 0.5308 0.2431
v  0.4613 1.5923 0.1702
v  0.4613 1.5923 0.1702
v  0.3761 1.5923 0.3198
v  0.5444 0.5308 0.4568
v  0.6678 0.5308 0.2431
v  0.7106 0.5308 -0
v  0.4909 1.5923 -0
v  0.4909 1.5923 -0
v  0.4613 1.5923 0.1702
v  0.6678 0.5308 0.2431
v  0.4909 1.5923 -0
v  0.4613 1.5923 -0.1702
v  0 2.6538 0
v  0.4613 1.5923 -0.1702
v  0.3761 1.5923 -0.3198
v  0 2.6538 0
v  0.3761 1.5923 -0.3198
v  0.2455 1.5923 -0.4309
v  0 2.6538 0
v  0.2455 1.5923 -0.4309
v  0.0852 1.5923 -0.49
v  0 2.6538 0
v  0.0852 1.5923 -0.49
v  -0.0852 1.5923 -0.49
v  0 2.6538 0
v  -0.0852 1.5923 -0.49
v  -0.2455 1.5923 -0.4309
v  0 2.6538 0
v  -0.2455 1.5923 -0.4309
v  -0.3761 1.5923 -0.3198
v  0 2.6538 0
v  -0.3761 1.5923 -0.3198
v  -0.4613 1.5923 -0.1702
v  0 2.6538 0
v  -0.4613 1.5923 -0.1702
v  -0.4909 1.5923 -0
v  0 2.6538 0
v  -0.4909 1.5923 -0
v  -0.4613 1.5923 0.1702
v  0 2.6538 0
v  -0.4613 1.5923 0.1702
v  -0.3761 1.5923 0.3198
v  0 2.6538 0
v  -0.3761 1.5923 0.3198
v  -0.2455 1.5923 0.4309
v  0 2.6538 0
v  -0.2455 1.5923 0.4309
v  -0.0852 1.5923 0.49
v  0 2.6538 0
v  -0.0852 1.5923 0.49
v  0.0852 1.5923 0.49
v  0 2.6538 0
v  0.0852 1.5923 0.49
v  0.2455 1.5923 0.4309
v  0 2.6538 0
v  0.2455 1.5923 0.4309
v  0.3761 1.5923 0.3198
v  0 2.6538 0
v  0.3761 1.5923 0.3198
v  0.4613 1.5923 0.1702
v  0 2.6538 0
v  0.4613 1.5923 0.1702
v  0.4909 1.5923 -0
v  0 2.6538 0
v  0.5444 -2.6538 0.4568
v  0.3553 -2.6538 0.6154
v  0.1234 -2.6538 0.6998
v  0.1234 -2.6538 0.6998
v  -0.1234 -2.6538 0.6998
v  -0.3553 -2.6538 0.6154
v  -0.3553 -2.6538 0.6154
v  -0.5444 -2.6538 0.4568
v  -0.6678 -2.6538 0.2431
v  0.1234 -2.6538 0.6998
v  -0.3553 -2.6538 0.6154
v  -0.6678 -2.6538 0.2431
v  -0.6678 -2.6538 0.2431
v  -0.7106 -2.6538 -0
v  -0.6678 -2.6538 -0.2431
v  -0.6678 -2.6538 -0.2431
v  -0.5444 -2.6538 -0.4568
v  -0.3553 -2.6538 -0.6154
v  -0.6678 -2.6538 0.2431
v  -0.6678 -2.6538 -0.2431
v  -0.3553 -2.6538 -0.6154
v  -0.3553 -2.6538 -0.6154
v  -0.1234 -2.6538 -0.6998
v  0.1234 -2.6538 -0.6998
v  0.1234 -2.6538 -0.6998
v  0.3553 -2.6538 -0.6154
v  0.5444 -2.6538 -0.4568
v  -0.3553 -2.6538 -0.6154
v  0.1234 -2.6538 -0.6998
v  0.5444 -2.6538 -0.4568
v  -0.6678 -2.6538 0.2431
v  -0.3553 -2.6538 -0.6154
v  0.5444 -2.6538 -0.4568
v  0.1234 -2.6538 0.6998
v  -0.6678 -2.6538 0.2431
v  0.5444 -2.6538 -0.4568
v  0.5444 -2.6538 -0.4568
v  0.6678 -2.6538 -0.2431
v  0.7106 -2.6538 -0
v  0.1234 -2.6538 0.6998
v  0.5444 -2.6538 -0.4568
v  0.7106 -2.6538 -0
v  0.5444 -2.6538 0.4568
v  0.1234 -2.6538 0.6998
v  0.7106 -2.6538 -0
v  0.6678 -2.6538 0.2431
v  0.5444 -2.6538 0.4568
v  0.7106 -2.6538 -0
v  0.5795 -2.4239 -0.2109
v  0.6167 -2.4239 -0
v  0.6167 -2.5626 -0
v  0.6167 -2.5626 -0
v  0.5795 -2.5626 -0.2109
v  0.5795 -2.4239 -0.2109
v  0.4724 -2.4239 -0.3964
v  0.5795 -2.4239 -0.2109
v  0.5795 -2.5626 -0.2109
v  0.5795 -2.5626 -0.2109
v  0.4724 -2.5626 -0.3964
v  0.4724 -2.4239 -0.3964
v  0.3084 -2.4239 -0.5341
v  0.4724 -2.4239 -0.3964
v  0.4724 -2.5626 -0.3964
v  0.4724 -2.5626 -0.3964
v  0.3084 -2.5626 -0.5341
v  0.3084 -2.4239 -0.5341
v  0.1071 -2.4239 -0.6073
v  0.3084 -2.4239 -0.5341
v  0.3084 -2.5626 -0.5341
v  0.3084 -2.5626 -0.5341
v  0.1071 -2.5626 -0.6073
v  0.1071 -2.4239 -0.6073
v  -0.1071 -2.4239 -0.6073
v  0.1071 -2.4239 -0.6073
v  0.1071 -2.5626 -0.6073
v  0.1071 -2.5626 -0.6073
v  -0.1071 -2.5626 -0.6073
v  -0.1071 -2.4239 -0.6073
v  -0.3084 -2.4239 -0.5341
v  -0.1071 -2.4239 -0.6073
v  -0.1071 -2.5626 -0.6073
v  -0.1071 -2.5626 -0.6073
v  -0.3084 -2.5626 -0.5341
v  -0.3084 -2.4239 -0.5341
v  -0.4724 -2.4239 -0.3964
v  -0.3084 -2.4239 -0.5341
v  -0.3084 -2.5626 -0.5341
v  -0.3084 -2.5626 -0.5341
v  -0.4724 -2.5626 -0.3964
v  -0.4724 -2.4239 -0.3964
v  -0.5795 -2.4239 -0.2109
v  -0.4724 -2.4239 -0.3964
v  -0.4724 -2.5626 -0.3964
v  -0.4724 -2.5626 -0.3964
v  -0.5795 -2.5626 -0.2109
v  -0.5795 -2.4239 -0.2109
v  -0.6167 -2.4239 -0
v  -0.5795 -2.4239 -0.2109
v  -0.5795 -2.5626 -0.2109
v  -0.5795 -2.5626 -0.2109
v  -0.6167 -2.5626 -0
v  -0.6167 -2.4239 -0
v  -0.5795 -2.4239 0.2109
v  -0.6167 -2.4239 -0
v  -0.6167 -2.5626 -0
v  -0.6167 -2.5626 -0
v  -0.5795 -2.5626 0.2109
v  -0.5795 -2.4239 0.2109
v  -0.4724 -2.4239 0.3964
v  -0.5795 -2.4239 0.2109
v  -0.5795 -2.5626 0.2109
v  -0.5795 -2.5626 0.2109
v  -0.4724 -2.5626 0.3964
v  -0.4724 -2.4239 0.3964
v  -0.3084 -2.4239 0.5341
v  -0.4724 -2.4239 0.3964
v  -0.4724 -2.5626 0.3964
v  -0.4724 -2.5626 0.3964
v  -0.3084 -2.5626 0.5341
v  -0.3084 -2.4239 0.5341
v  -0.1071 -2.4239 0.6073
v  -0.3084 -2.4239 0.5341
v  -0.3084 -2.5626 0.5341
v  -0.3084 -2.5626 0.5341
v  -0.1071 -2.5626 0.6073
v  -0.1071 -2.4239 0.6073
v  0.1071 -2.4239 0.6073
v  -0.1071 -2.4239 0.6073
v  -0.1071 -2.5626 0.6073
v  -0.1071 -2.5626 0.6073
v  0.1071 -2.5626 0.6073
v  0.1071 -2.4239 0.6073
v  0.3084 -2.4239 0.5341
v  0.1071 -2.4239 0.6073
v  0.1071 -2.5626 0.6073
v  0.1071 -2.5626 0.6073
v  0.3084 -2.5626 0.5341
v  0.3084 -2.4239 0.5341
v  0.4724 -2.4239 0.3964
v  0.3084 -2.4239 0.5341
v  0.3084 -2.5626 0.5341
v  0.3084 -2.5626 0.5341
v  0.4724 -2.5626 0.3964
v  0.4724 -2.4239 0.3964
v  0.5795 -2.4239 0.2109
v  0.4724 -2.4239 0.3964
v  0.4724 -2.5626 0.3964
v  0.4724 -2.5626 0.3964
v  0.5795 -2.5626 0.2109
v  0.5795 -2.4239 0.2109
v  0.6167 -2.4239 -0
v  0.5795 -2.4239 0.2109
v  0.5795 -2.5626 0.2109
v  0.5795 -2.5626 0.2109
v  0.6167 -2.5626 -0
v  0.6167 -2.4239 -0
v  0.6678 -1.5923 -0.2431
v  0.7106 -1.5923 -0
v  0.7106 -2.4239 -0
v  0.7106 -2.4239 -0
v  0.6678 -2.4239 -0.2431
v  0.6678 -1.5923 -0.2431
v  0.5444 -1.5923 -0.4568
v  0.6678 -1.5923 -0.2431
v  0.6678 -2.4239 -0.2431
v  0.6678 -2.4239 -0.2431
v  0.5444 -2.4239 -0.4568
v  0.5444 -1.5923 -0.4568
v  0.3553 -1.5923 -0.6154
v  0.5444 -1.5923 -0.4568
v  0.5444 -2.4239 -0.4568
v  0.5444 -2.4239 -0.4568
v  0.3553 -2.4239 -0.6154
v  0.3553 -1.5923 -0.6154
v  0.1234 -1.5923 -0.6998
v  0.3553 -1.5923 -0.6154
v  0.3553 -2.4239 -0.6154
v  0.3553 -2.4239 -0.6154
v  0.1234 -2.4239 -0.6998
v  0.1234 -1.5923 -0.6998
v  -0.1234 -1.5923 -0.6998
v  0.1234 -1.5923 -0.6998
v  0.1234 -2.4239 -0.6998
v  0.1234 -2.4239 -0.6998
v  -0.1234 -2.4239 -0.6998
v  -0.1234 -1.5923 -0.6998
v  -0.3553 -1.5923 -0.6154
v  -0.1234 -1.5923 -0.6998
v  -0.1234 -2.4239 -0.6998
v  -0.1234 -2.4239 -0.6998
v  -0.3553 -2.4239 -0.6154
v  -0.3553 -1.5923 -0.6154
v  -0.5444 -1.5923 -0.4568
v  -0.3553 -1.5923 -0.6154
v  -0.3553 -2.4239 -0.6154
v  -0.3553 -2.4239 -0.6154
v  -0.5444 -2.4239 -0.4568
v  -0.5444 -1.5923 -0.4568
v  -0.6678 -1.5923 -0.2431
v  -0.5444 -1.5923 -0.4568
v  -0.5444 -2.4239 -0.4568
v  -0.5444 -2.4239 -0.4568
v  -0.6678 -2.4239 -0.2431
v  -0.6678 -1.5923 -0.2431
v  -0.7106 -1.5923 -0
v  -0.6678 -1.5923 -0.2431
v  -0.6678 -2.4239 -0.2431
v  -0.6678 -2.4239 -0.2431
v  -0.7106 -2.4239 -0
v  -0.7106 -1.5923 -0
v  -0.6678 -1.5923 0.2431
v  -0.7106 -1.5923 -0
v  -0.7106 -2.4239 -0
v  -0.7106 -2.4239 -0
v  -0.6678 -2.4239 0.2431
v  -0.6678 -1.5923 0.2431
v  -0.5444 -1.5923 0.4568
v  -0.6678 -1.5923 0.2431
v  -0.6678 -2.4239 0.2431
v  -0.6678 -2.4239 0.2431
v  -0.5444 -2.4239 0.4568
v  -0.5444 -1.5923 0.4568
v  -0.3553 -1.5923 0.6154
v  -0.5444 -1.5923 0.4568
v  -0.5444 -2.4239 0.4568
v  -0.5444 -2.4239 0.4568
v  -0.3553 -2.4239 0.6154
v  -0.3553 -1.5923 0.6154
v  -0.1234 -1.5923 0.6998
v  -0.3553 -1.5923 0.6154
v  -0.3553 -2.4239 0.6154
v  -0.3553 -2.4239 0.6154
v  -0.1234 -2.4239 0.6998
v  -0.1234 -1.5923 0.6998
v  0.1234 -1.5923 0.6998
v  -0.1234 -1.5923 0.6998
v  -0.1234 -2.4239 0.6998
v  -0.1234 -2.4239 0.6998
v  0.1234 -2.4239 0.6998
v  0.1234 -1.5923 0.6998
v  0.3553 -1.5923 0.6154
v  0.1234 -1.5923 0.6998
v  0.1234 -2.4239 0.6998
v  0.1234 -2.4239 0.6998
v  0.3553 -2.4239 0.6154
v  0.3553 -1.5923 0.6154
v  0.5444 -1.5923 0.4568
v  0.3553 -1.5923 0.6154
v  0.3553 -2.4239 0.6154
v  0.3553 -2.4239 0.6154
v  0.5444 -2.4239 0.4568
v  0.5444 -1.5923 0.4568
v  0.6678 -1.5923 0.2431
v  0.5444 -1.5923 0.4568
v  0.5444 -2.4239 0.4568
v  0.5444 -2.4239 0.4568
v  0.6678 -2.4239 0.2431
v  0.6678 -1.5923 0.2431
v  0.7106 -1.5923 -0
v  0.6678 -1.5923 0.2431
v  0.6678 -2.4239 0.2431
v  0.6678 -2.4239 0.2431
v  0.7106 -2.4239 -0
v  0.7106 -1.5923 -0
v  0.7106 -2.5626 -0
v  0.6678 -2.5626 -0.2431
v  0.5795 -2.5626 -0.2109
v  0.5795 -2.5626 -0.2109
v  0.6167 -2.5626 -0
v  0.7106 -2.5626 -0
v  0.6678 -2.5626 -0.2431
v  0.5444 -2.5626 -0.4568
v  0.4724 -2.5626 -0.3964
v  0.4724 -2.5626 -0.3964
v  0.5795 -2.5626 -0.2109
v  0.6678 -2.5626 -0.2431
v  0.5444 -2.5626 -0.4568
v  0.3553 -2.5626 -0.6154
v  0.3084 -2.5626 -0.5341
v  0.3084 -2.5626 -0.5341
v  0.4724 -2.5626 -0.3964
v  0.5444 -2.5626 -0.4568
v  0.3553 -2.5626 -0.6154
v  0.1234 -2.5626 -0.6998
v  0.1071 -2.5626 -0.6073
v  0.1071 -2.5626 -0.6073
v  0.3084 -2.5626 -0.5341
v  0.3553 -2.5626 -0.6154
v  0.1234 -2.5626 -0.6998
v  -0.1234 -2.5626 -0.6998
v  -0.1071 -2.5626 -0.6073
v  -0.1071 -2.5626 -0.6073
v  0.1071 -2.5626 -0.6073
v  0.1234 -2.5626 -0.6998
v  -0.1234 -2.5626 -0.6998
v  -0.3553 -2.5626 -0.6154
v  -0.3084 -2.5626 -0.5341
v  -0.3084 -2.5626 -0.5341
v  -0.1071 -2.5626 -0.6073
v  -0.1234 -2.5626 -0.6998
v  -0.3553 -2.5626 -0.6154
v  -0.5444 -2.5626 -0.4568
v  -0.4724 -2.5626 -0.3964
v  -0.4724 -2.5626 -0.3964
v  -0.3084 -2.5626 -0.5341
v  -0.3553 -2.5626 -0.6154
v  -0.5444 -2.5626 -0.4568
v  -0.6678 -2.5626 -0.2431
v  -0.5795 -2.5626 -0.2109
v  -0.5795 -2.5626 -0.2109
v  -0.4724 -2.5626 -0.3964
v  -0.5444 -2.5626 -0.4568
v  -0.6678 -2.5626 -0.2431
v  -0.7106 -2.5626 -0
v  -0.6167 -2.5626 -0
v  -0.6167 -2.5626 -0
v  -0.5795 -2.5626 -0.2109
v  -0.6678 -2.5626 -0.2431
v  -0.7106 -2.5626 -0
v  -0.6678 -2.5626 0.2431
v  -0.5795 -2.5626 0.2109
v  -0.5795 -2.5626 0.2109
v  -0.6167 -2.5626 -0
v  -0.7106 -2.5626 -0
v  -0.6678 -2.5626 0.2431
v  -0.5444 -2.5626 0.4568
v  -0.4724 -2.5626 0.3964
v  -0.4724 -2.5626 0.3964
v  -0.5795 -2.5626 0.2109
v  -0.6678 -2.5626 0.2431
v  -0.5444 -2.5626 0.4568
v  -0.3553 -2.5626 0.6154
v  -0.3084 -2.5626 0.5341
v  -0.3084 -2.5626 0.5341
v  -0.4724 -2.5626 0.3964
v  -0.5444 -2.5626 0.4568
v  -0.3553 -2.5626 0.6154
v  -0.1234 -2.5626 0.6998
v  -0.1071 -2.5626 0.6073
v  -0.1071 -2.5626 0.6073
v  -0.3084 -2.5626 0.5341
v  -0.3553 -2.5626 0.6154
v  -0.1234 -2.5626 0.6998
v  0.1234 -2.5626 0.6998
v  0.1071 -2.5626 0.6073
v  0.1071 -2.5626 0.6073
v  -0.1071 -2.5626 0.6073
v  -0.1234 -2.5626 0.6998
v  0.1234 -2.5626 0.6998
v  0.3553 -2.5626 0.6154
v  0.3084 -2.5626 0.5341
v  0.3084 -2.5626 0.5341
v  0.1071 -2.5626 0.6073
v  0.1234 -2.5626 0.6998
v  0.3553 -2.5626 0.6154
v  0.5444 -2.5626 0.4568
v  0.4724 -2.5626 0.3964
v  0.4724 -2.5626 0.3964
v  0.3084 -2.5626 0.5341
v  0.3553 -2.5626 0.6154
v  0.5444 -2.5626 0.4568
v  0.6678 -2.5626 0.2431
v  0.5795 -2.5626 0.2109
v  0.5795 -2.5626 0.2109
v  0.4724 -2.5626 0.3964
v  0.5444 -2.5626 0.4568
v  0.6678 -2.5626 0.2431
v  0.7106 -2.5626 -0
v  0.6167 -2.5626 -0
v  0.6167 -2.5626 -0
v  0.5795 -2.5626 0.2109
v  0.6678 -2.5626 0.2431
v  0.6678 -2.4239 -0.2431
v  0.7106 -2.4239 -0
v  0.6167 -2.4239 -0
v  0.6167 -2.4239 -0
v  0.5795 -2.4239 -0.2109
v  0.6678 -2.4239 -0.2431
v  0.7106 -2.4239 -0
v  0.6678 -2.4239 0.2431
v  0.5795 -2.4239 0.2109
v  0.5795 -2.4239 0.2109
v  0.6167 -2.4239 -0
v  0.7106 -2.4239 -0
v  0.6678 -2.4239 0.2431
v  0.5444 -2.4239 0.4568
v  0.4724 -2.4239 0.3964
v  0.4724 -2.4239 0.3964
v  0.5795 -2.4239 0.2109
v  0.6678 -2.4239 0.2431
v  0.5444 -2.4239 0.4568
v  0.3553 -2.4239 0.6154
v  0.3084 -2.4239 0.5341
v  0.3084 -2.4239 0.5341
v  0.4724 -2.4239 0.3964
v  0.5444 -2.4239 0.4568
v  0.3553 -2.4239 0.6154
v  0.1234 -2.4239 0.6998
v  0.1071 -2.4239 0.6073
v  0.1071 -2.4239 0.6073
v  0.3084 -2.4239 0.5341
v  0.3553 -2.4239 0.6154
v  0.1234 -2.4239 0.6998
v  -0.1234 -2.4239 0.6998
v  -0.1071 -2.4239 0.6073
v  -0.1071 -2.4239 0.6073
v  0.1071 -2.4239 0.6073
v  0.1234 -2.4239 0.6998
v  -0.1234 -2.4239 0.6998
v  -0.3553 -2.4239 0.6154
v  -0.3084 -2.4239 0.5341
v  -0.3084 -2.4239 0.5341
v  -0.1071 -2.4239 0.6073
v  -0.1234 -2.4239 0.6998
v  -0.3553 -2.4239 0.6154
v  -0.5444 -2.4239 0.4568
v  -0.4724 -2.4239 0.3964
v  -0.4724 -2.4239 0.3964
v  -0.3084 -2.4239 0.5341
v  -0.3553 -2.4239 0.6154
v  -0.5444 -2.4239 0.4568
v  -0.6678 -2.4239 0.2431
v  -0.5795 -2.4239 0.2109
v  -0.5795 -2.4239 0.2109
v  -0.4724 -2.4239 0.3964
v  -0.5444 -2.4239 0.4568
v  -0.6678 -2.4239 0.2431
v  -0.7106 -2.4239 -0
v  -0.6167 -2.4239 -0
v  -0.6167 -2.4239 -0
v  -0.5795 -2.4239 0.2109
v  -0.6678 -2.4239 0.2431
v  -0.7106 -2.4239 -0
v  -0.6678 -2.4239 -0.2431
v  -0.5795 -2.4239 -0.2109
v  -0.5795 -2.4239 -0.2109
v  -0.6167 -2.4239 -0
v  -0.7106 -2.4239 -0
v  -0.6678 -2.4239 -0.2431
v  -0.5444 -2.4239 -0.4568
v  -0.4724 -2.4239 -0.3964
v  -0.4724 -2.4239 -0.3964
v  -0.5795 -2.4239 -0.2109
v  -0.6678 -2.4239 -0.2431
v  -0.5444 -2.4239 -0.4568
v  -0.3553 -2.4239 -0.6154
v  -0.3084 -2.4239 -0.5341
v  -0.3084 -2.4239 -0.5341
v  -0.4724 -2.4239 -0.3964
v  -0.5444 -2.4239 -0.4568
v  -0.3553 -2.4239 -0.6154
v  -0.1234 -2.4239 -0.6998
v  -0.1071 -2.4239 -0.6073
v  -0.1071 -2.4239 -0.6073
v  -0.3084 -2.4239 -0.5341
v  -0.3553 -2.4239 -0.6154
v  -0.1234 -2.4239 -0.6998
v  0.1234 -2.4239 -0.6998
v  0.1071 -2.4239 -0.6073
v  0.1071 -2.4239 -0.6073
v  -0.1071 -2.4239 -0.6073
v  -0.1234 -2.4239 -0.6998
v  0.1234 -2.4239 -0.6998
v  0.3553 -2.4239 -0.6154
v  0.3084 -2.4239 -0.5341
v  0.3084 -2.4239 -0.5341
v  0.1071 -2.4239 -0.6073
v  0.1234 -2.4239 -0.6998
v  0.3553 -2.4239 -0.6154
v  0.5444 -2.4239 -0.4568
v  0.4724 -2.4239 -0.3964
v  0.4724 -2.4239 -0.3964
v  0.3084 -2.4239 -0.5341
v  0.3553 -2.4239 -0.6154
v  0.5444 -2.4239 -0.4568
v  0.6678 -2.4239 -0.2431
v  0.5795 -2.4239 -0.2109
v  0.5795 -2.4239 -0.2109
v  0.4724 -2.4239 -0.3964
v  0.5444 -2.4239 -0.4568
